239
599
1
559
871
667
304
579
841
745
801
519
541
603
650
548
73
709
805
393
938
949
607
903
244
122
519
577
346
8
958
125
100
560
734
508
934
916
659
632
561
586
176
120
682
396
571
269
107
774
580
559
101
9
359
559
979
245
402
813
271
410
838
725
577
679
419
15
893
263
447
227
431
916
397
490
622
644
797
117
612
940
35
553
465
319
567
643
705
327
469
457
881
519
332
953
216
339
5
339
205
242
959
326
819
728
69
291
732
777
718
388
291
500
605
808
140
539
692
644
593
143
906
951
799
562
83
235
182
2
988
866
18
842
84
101
347
60
761
925
98
166
655
42
295
992
82
826
856
186
252
85
224
753
779
591
439
124
541
628
245
843
483
661
453
54
918
282
90
478
449
339
908
661
562
857
358
290
647
295
454
568
971
194
794
224
927
771
754
236
448
105
315
266
161
803
902
183
253
443
384
812
475
997
730
728
570
417
506
754
486
440
710
280
766
851
949
704
381
683
188
493
264
621
672
946
210
177
293
935
658
120
673
316
867
250
542
160
714
224
65
136
974
964
185
223
982
847
124
844
825
787
646
333
855
619
197
283
331
552
651
30
749
312
0
739
549
518
601
179
574
85
722
656
586
290
498
75
934
512
112
959
939
259
237
147
40
660
76
447
829
41
662
421
877
938
582
452
269
663
687
414
410
127
786
294
887
981
969
368
133
721
685
714
295
918
793
107
648
876
955
230
886
493
500
250
26
912
535
274
832
793
442
444
970
267
826
16
29
408
676
734
293
437
790
381
979
738
807
888
379
451
817
518
729
446
417
366
575
576
314
18
69
915
73
23
964
366
457
789
129
52
382
203
916
676
839
327
226
639
0
818
859
943
755
595
764
297
643
395
383
892
855
421
989
47
83
176
619
292
291
306
881
371
213
277
575
519
697
557
699
483
113
559
193
556
624
216
18
417
334
219
10
373
149
965
802
54
446
764
476
839
617
963
161
788
520
214
500
167
954
396
522
356
656
831
850
378
117
119
102
304
922
252
646
194
538
568
117
726
681
480
725
27
753
552
922
68
880
730
185
455
913
723
395
555
761
280
423
355
394
232
368
8
440
38
449
410
344
596
358
865
122
424
817
555
533
674
598
658
457
16
879
701
315
729
617
552
67
681
949
389
219
124
931
590
520
267
587
808
59
450
535
804
119
234
216
351
75
825
541
681
621
571
977
861
947
698
684
749
979
552
718
876
362
358
821
450
465
362
973
137
610
797
161
366
958
69
24
614
956
510
298
37
631
278
770
426
112
430
256
518
67
751
963
55
408
697
848
648
928
436
209
378
709
561
289
157
190
27
619
694
510
487
529
527
96
991
131
66
421
394
823
296
40
644
901
757
613
563
243
622
805
441
861
604
810
439
934
532
655
158
25
224
741
76
977
328
127
695
569
971
735
760
431
143
139
314
115
624
206
215
937
112
96
990
619
289
340
396
676
259
755
608
906
206
763
48
173
810
351
972
34
173
554
333
611
573
380
375
530
953
849
479
894
405
359
914
551
961
953
84
989
916
279
176
225
179
682
680
987
206
917
444
332
176
673
485
987
570
548
935
667
380
673
141
970
951
876
867
129
543
951
236
445
297
177
407
541
712
268
403
109
282
156
661
542
719
420
883
712
367
624
294
857
287
206
802
99
640
391
281
978
762
185
101
544
372
58
740
325
477
709
962
843
468
48
415
269
769
555
437
504
348
974
565
495
611
460
551
739
222
744
108
461
732
166
531
378
720
917
16
170
956
395
550
303
67
714
24
502
647
565
819
92
225
482
510
582
653
347
96
811
328
365
108
474
774
936
724
633
129
462
997
690
678
782
702
851
999
140
288
711
449
421
589
153
307
919
216
314
74
455
486
905
856
33
940
969
80
196
244
777
205
105
308
930
475
782
752
171
657
905
590
850
183
571
285
34
166
642
800
725
567
768
115
603
609
775
49
687
624
91
211
174
870
953
984
967
20
386
205
328
254
697
585
971
601
852
839
750
112
630
478
635
323
353
322
616
598
309
376
505
313
525
431
23
365
125
330
869
589
79
967
822
255
343
290
72
654
5
604
709
499
653
599
865
280
87
625
431
534
584
764
583
570
894
642
811
502
94
784
448
796
695
729
997
276
798
180
638
268
567
511
792
964
755
618
872
648
772
618
954
266
571
772
545
803
946
96
375
985
113
876
25
105
569
59
12
865
790
339
71
991
643
654
1
379
883
205
726
906
330
340
635
955
257
392
54
527
